  0.000   0.000   0.000   0.000   1.000 
  0.561   0.972   0.000   0.000   1.000 
  0.000   1.944   0.000   0.000   1.000 
  0.561   2.916   0.000   0.000   1.000 
  1.122   0.000   0.000   0.000   1.000 
  1.684   0.972   0.000   0.000   1.000 
  1.122   1.944   0.000   0.000   1.000 
  1.684   2.916   0.000   0.000   1.000 
  2.245   0.000   0.000   0.000   1.000 
  2.806   0.972   0.000   0.000   1.000 
  2.245   1.944   0.000   0.000   1.000 
  2.806   2.916   0.000   0.000   1.000 
  3.367   0.000   0.000   0.000   1.000 
  3.929   0.972   0.000   0.000   1.000 
  3.367   1.944   0.000   0.000   1.000 
  3.929   2.916   0.000   0.000   1.000 
  4.490   0.000   0.000   0.000   1.000 
  5.051   0.972   0.000   0.000   1.000 
  4.490   1.944   0.000   0.000   1.000 
  5.051   2.916   0.000   0.000   1.000 
  5.612   0.000   0.000   0.000   1.000 
  6.174   0.972   0.000   0.000   1.000 
  5.612   1.944   0.000   0.000   1.000 
  6.174   2.916   0.000   0.000   1.000 
  6.735   0.000   0.000   0.000   1.000 
  7.296   0.972   0.000   0.000   1.000 
  6.735   1.944   0.000   0.000   1.000 
  7.296   2.916   0.000   0.000   1.000 
  7.857   0.000   0.000   0.000   1.000 
  8.418   0.972   0.000   0.000   1.000 
  7.857   1.944   0.000   0.000   1.000 
  8.418   2.916   0.000   0.000   1.000 
  8.980   0.000   0.000   0.000   1.000 
  9.541   0.972   0.000   0.000   1.000 
  8.980   1.944   0.000   0.000   1.000 
  9.541   2.916   0.000   0.000   1.000 
